W=[0.671309991409510,-3.67003668167880,-1.28056593078056,-1.38462735046133,-3.16838021984886,4.44647863244156;0.944915448571485,0.0940674616885745,-1.09799053417557,-1.62608511934289,0.292644842379715,0.978698027425513;0.656308816159899,-3.16823825239863,-1.80481581545702,-1.56126700382462,-3.48906409819140,4.79136094554561;0.416360101765498,0.426677551738374,2.89766793237342,2.59916494702214,0.751237166041510,0.211472445653468;0.241606360052552,0.256949691340334,-1.17839422829261,-1.12203116550487,0.380326632265418,0.948570817980897;0.350991432832415,0.605892642557118,2.66594538132385,2.11591341941676,0.266266942314067,0.0585511461756276;0.699740414476989,0.577125304829104,2.65667602409907,2.98573954088382,0.262603921217760,0.0239480487550576;0.488717014809074,0.961446714134265,-1.46445822017484,-1.14274553070605,0.582624380387433,0.208484420420066;0.820372499255613,0.0633784441506314,2.14803940654277,2.44160614726516,0.443120531084340,0.294285371021574];
X=[1,1,1,0,1,0,0,1,0];
X=X*2-1;
NET=X*W;
y=NET>=0;