X=[0,0,0,0,0,0,0,0,0];
X1=[1,1,1;
    0,0,1;
    0,0,1];
X2=[1,0,0;
    1,0,0;
    1,1,1];
X3=[1,1,1;
    1,0,0;
    1,1,1];
W=rand(9,3);
NET=X1*W';
d=0;
y=0;
e=d-y;
n=1;

dW=+e*NET*X